### var1 :  Probe_eta 
### var2 :  Probe_pt 
  -2.000	  -1.400	 +25.000	 +35.000	0.019	0.001	0.020	0.001	0.017	0.016	0.020	0.021
  -1.400	  -0.800	 +25.000	 +35.000	0.110	0.003	0.133	0.001	0.102	0.108	0.133	0.132
  -0.800	  +0.000	 +25.000	 +35.000	0.099	0.003	0.123	0.001	0.088	0.095	0.123	0.119
  +0.000	  +0.800	 +25.000	 +35.000	0.112	0.003	0.127	0.001	0.104	0.105	0.127	0.124
  +0.800	  +1.400	 +25.000	 +35.000	0.109	0.003	0.132	0.001	0.100	0.104	0.132	0.132
  +1.400	  +2.000	 +25.000	 +35.000	0.015	0.001	0.019	0.001	0.013	0.013	0.019	0.020
  -2.000	  -1.400	 +35.000	 +50.000	0.013	0.001	0.013	0.001	0.013	0.013	0.013	0.014
  -1.400	  -0.800	 +35.000	 +50.000	0.063	0.001	0.123	0.001	0.063	0.062	0.123	0.123
  -0.800	  +0.000	 +35.000	 +50.000	0.058	0.001	0.120	0.001	0.059	0.059	0.120	0.120
  +0.000	  +0.800	 +35.000	 +50.000	0.061	0.001	0.123	0.001	0.062	0.061	0.123	0.123
  +0.800	  +1.400	 +35.000	 +50.000	0.061	0.001	0.125	0.001	0.062	0.061	0.125	0.127
  +1.400	  +2.000	 +35.000	 +50.000	0.016	0.001	0.013	0.001	0.015	0.015	0.013	0.014
  -2.000	  -1.400	 +50.000	 +90.000	0.014	0.002	0.007	0.001	0.013	0.013	0.007	0.008
  -1.400	  -0.800	 +50.000	 +90.000	0.035	0.002	0.075	0.001	0.035	0.035	0.075	0.079
  -0.800	  +0.000	 +50.000	 +90.000	0.041	0.001	0.073	0.001	0.041	0.041	0.073	0.076
  +0.000	  +0.800	 +50.000	 +90.000	0.033	0.001	0.075	0.001	0.033	0.033	0.075	0.077
  +0.800	  +1.400	 +50.000	 +90.000	0.040	0.002	0.077	0.001	0.039	0.039	0.077	0.078
  +1.400	  +2.000	 +50.000	 +90.000	0.010	0.002	0.009	0.001	0.013	0.014	0.009	0.009
  -2.000	  -1.400	 +90.000	+150.000	0.008	0.001	0.004	0.002	0.007	0.006	0.004	0.005
  -1.400	  -0.800	 +90.000	+150.000	0.007	0.006	0.039	0.005	0.010	0.004	0.039	0.037
  -0.800	  +0.000	 +90.000	+150.000	0.019	0.005	0.025	0.003	0.019	0.017	0.025	0.029
  +0.000	  +0.800	 +90.000	+150.000	0.009	0.003	0.028	0.003	0.009	0.009	0.028	0.032
  +0.800	  +1.400	 +90.000	+150.000	0.013	0.005	0.026	0.004	0.013	0.012	0.026	0.025
  +1.400	  +2.000	 +90.000	+150.000	0.024	0.018	0.005	0.002	0.021	0.019	0.005	0.006
